1390 17.6086 16.5406 8.59704 12.1708
1395 19.0513 17.5327 9.28423 13.1669
1400 20.7438 19.2105 10.8031 14.6267
1405 24.9140 23.2103 13.3827 17.2204 
1410 32.1867 29.8951 17.1782 21.4719
1415 41.5466 38.4821 22.5340 26.8651
1420 52.6569 48.6646 31.5436 33.5351
1425 63.6845 61.8446 43.4264 43.5311
1430 74.4988 74.4981 54.3368 54.3656
1435 67.2990 67.2935 50.6042 50.4101
1440 49.6389 49.7319 43.1834 39.6983
1445 34.8708 35.9076 36.4509 30.9558
1450 25.9972 27.3911 30.7294 24.6548
1455 20.5711 21.9330 25.8326 20.2219
1460 16.9721 18.2374 21.9784 17.0676
1465 14.5140 15.6147 18.9037 14.6850
1470 12.6715 13.6128 16.4436 12.8981
